11223344
AABBCCDD
00000001
10000000
00000780
00000000
00000000
00000000
00000000
00000000
00000000
00000000
00000000
00000000
00000000
00000000

11223344
AABBCCDD
00000001
10000780
00000780
00000000
00000000
00000000
00000000
00000000
00000000
00000000
00000000
00000000
00000000
00000000

11223344
AABBCCDD
00000001
10000F00
00000780
00000000
00000000
00000000
00000000
00000000
00000000
00000000
00000000
00000000
00000000
00000000

11223344
AABBCCDD
00000001
10001680
00000280
00000000
00000000
00000000
00000000
00000000
00000000
00000000
00000000
00000000
00000000
00000000