42000000 42000000 42000000 42000000 42000000 42000000 42000000 42000000 42000000 42000000 42000000 42000000 42000000 42000000 42000000 42000000
42000000 42000000 42000000 42000000 42000000 42000000 42000000 42000000 42000000 42000000 42000000 42000000 42000000 42000000 42000000 42000000
42000000 42000000 42000000 42000000 42000000 42000000 42000000 42000000 42000000 42000000 42000000 42000000 42000000 42000000 42000000 42000000
42000000 42000000 42000000 42000000 42000000 42000000 42000000 42000000 42000000 42000000 42000000 42000000 42000000 42000000 42000000 42000000
42000000 42000000 42000000 42000000 42000000 42000000 42000000 42000000 42000000 42000000 42000000 42000000 42000000 42000000 42000000 42000000
42000000 42000000 42000000 42000000 42000000 42000000 42000000 42000000 42000000 42000000 42000000 42000000 42000000 42000000 42000000 42000000
42000000 42000000 42000000 42000000 42000000 42000000 42000000 42000000 42000000 42000000 42000000 42000000 42000000 42000000 42000000 42000000
42000000 42000000 42000000 42000000 42000000 42000000 42000000 42000000 42000000 42000000 42000000 42000000 42000000 42000000 42000000 42000000
42000000 42000000 42000000 42000000 42000000 42000000 42000000 42000000 42000000 42000000 42000000 42000000 42000000 42000000 42000000 42000000
42000000 42000000 42000000 42000000 42000000 42000000 42000000 42000000 42000000 42000000 42000000 42000000 42000000 42000000 42000000 42000000
42000000 42000000 42000000 42000000 42000000 42000000 42000000 42000000 42000000 42000000 42000000 42000000 42000000 42000000 42000000 42000000
42000000 42000000 42000000 42000000 42000000 42000000 42000000 42000000 42000000 42000000 42000000 42000000 42000000 42000000 42000000 42000000
42000000 42000000 42000000 42000000 42000000 42000000 42000000 42000000 42000000 42000000 42000000 42000000 42000000 42000000 42000000 42000000
42000000 42000000 42000000 42000000 42000000 42000000 42000000 42000000 42000000 42000000 42000000 42000000 42000000 42000000 42000000 42000000
42000000 42000000 42000000 42000000 42000000 42000000 42000000 42000000 42000000 42000000 42000000 42000000 42000000 42000000 42000000 42000000
42000000 42000000 42000000 42000000 42000000 42000000 42000000 42000000 42000000 42000000 42000000 42000000 42000000 42000000 42000000 42000000
42000000 42000000 42000000 42000000 42000000 42000000 42000000 42000000 42000000 42000000 42000000 42000000 42000000 42000000 42000000 42000000
42000000 42000000 42000000 42000000 42000000 42000000 42000000 42000000 42000000 42000000 42000000 42000000 42000000 42000000 42000000 42000000
42000000 42000000 42000000 42000000 42000000 42000000 42000000 42000000 42000000 42000000 42000000 42000000 42000000 42000000 42000000 42000000
42000000 42000000 42000000 42000000 42000000 42000000 42000000 42000000 42000000 42000000 42000000 42000000 42000000 42000000 42000000 42000000
42000000 42000000 42000000 42000000 42000000 42000000 42000000 42000000 42000000 42000000 42000000 42000000 42000000 42000000 42000000 42000000
42000000 42000000 42000000 42000000 42000000 42000000 42000000 42000000 42000000 42000000 42000000 42000000 42000000 42000000 42000000 42000000
42000000 42000000 42000000 42000000 42000000 42000000 42000000 42000000 42000000 42000000 42000000 42000000 42000000 42000000 42000000 42000000
42000000 42000000 42000000 42000000 42000000 42000000 42000000 42000000 42000000 42000000 42000000 42000000 42000000 42000000 42000000 42000000
42000000 42000000 42000000 42000000 42000000 42000000 42000000 42000000 42000000 42000000 42000000 42000000 42000000 42000000 42000000 42000000
42000000 42000000 42000000 42000000 42000000 42000000 42000000 42000000 42000000 42000000 42000000 42000000 42000000 42000000 42000000 42000000
42000000 42000000 42000000 42000000 42000000 42000000 42000000 42000000 42000000 42000000 42000000 42000000 42000000 42000000 42000000 42000000
42000000 42000000 42000000 42000000 42000000 42000000 42000000 42000000 42000000 42000000 42000000 42000000 42000000 42000000 42000000 42000000
42000000 42000000 42000000 42000000 42000000 42000000 42000000 42000000 42000000 42000000 42000000 42000000 42000000 42000000 42000000 42000000
42000000 42000000 42000000 42000000 42000000 42000000 42000000 42000000 42000000 42000000 42000000 42000000 42000000 42000000 42000000 42000000
42000000 42000000 42000000 42000000 42000000 42000000 42000000 42000000 42000000 42000000 42000000 42000000 42000000 42000000 42000000 42000000
42000000 42000000 42000000 42000000 42000000 42000000 42000000 42000000 42000000 42000000 42000000 42000000 42000000 42000000 42000000 42000000
42000000 42000000 42000000 42000000 42000000 42000000 42000000 42000000 42000000 42000000 42000000 42000000 42000000 42000000 42000000 42000000
42000000 42000000 42000000 42000000 42000000 42000000 42000000 42000000 42000000 42000000 42000000 42000000 42000000 42000000 42000000 42000000
42000000 42000000 42000000 42000000 42000000 42000000 42000000 42000000 42000000 42000000 42000000 42000000 42000000 42000000 42000000 42000000
42000000 42000000 42000000 42000000 42000000 42000000 42000000 42000000 42000000 42000000 42000000 42000000 42000000 42000000 42000000 42000000
42000000 42000000 42000000 42000000 42000000 42000000 42000000 42000000 42000000 42000000 42000000 42000000 42000000 42000000 42000000 42000000
42000000 42000000 42000000 42000000 42000000 42000000 42000000 42000000 42000000 42000000 42000000 42000000 42000000 42000000 42000000 42000000
42000000 42000000 42000000 42000000 42000000 42000000 42000000 42000000 42000000 42000000 42000000 42000000 42000000 42000000 42000000 42000000
42000000 42000000 42000000 42000000 42000000 42000000 42000000 42000000 42000000 42000000 42000000 42000000 42000000 42000000 42000000 42000000
42000000 42000000 42000000 42000000 42000000 42000000 42000000 42000000 42000000 42000000 42000000 42000000 42000000 42000000 42000000 42000000
42000000 42000000 42000000 42000000 42000000 42000000 42000000 42000000 42000000 42000000 42000000 42000000 42000000 42000000 42000000 42000000
42000000 42000000 42000000 42000000 42000000 42000000 42000000 42000000 42000000 42000000 42000000 42000000 42000000 42000000 42000000 42000000
42000000 42000000 42000000 42000000 42000000 42000000 42000000 42000000 42000000 42000000 42000000 42000000 42000000 42000000 42000000 42000000
42000000 42000000 42000000 42000000 42000000 42000000 42000000 42000000 42000000 42000000 42000000 42000000 42000000 42000000 42000000 42000000
42000000 42000000 42000000 42000000 42000000 42000000 42000000 42000000 42000000 42000000 42000000 42000000 42000000 42000000 42000000 42000000
42000000 42000000 42000000 42000000 42000000 42000000 42000000 42000000 42000000 42000000 42000000 42000000 42000000 42000000 42000000 42000000
42000000 42000000 42000000 42000000 42000000 42000000 42000000 42000000 42000000 42000000 42000000 42000000 42000000 42000000 42000000 42000000
42000000 42000000 42000000 42000000 42000000 42000000 42000000 42000000 42000000 42000000 42000000 42000000 42000000 42000000 42000000 42000000
42000000 42000000 42000000 42000000 42000000 42000000 42000000 42000000 42000000 42000000 42000000 42000000 42000000 42000000 42000000 42000000
42000000 42000000 42000000 42000000 42000000 42000000 42000000 42000000 42000000 42000000 42000000 42000000 42000000 42000000 42000000 42000000
42000000 42000000 42000000 42000000 42000000 42000000 42000000 42000000 42000000 42000000 42000000 42000000 42000000 42000000 42000000 42000000
42000000 42000000 42000000 42000000 42000000 42000000 42000000 42000000 42000000 42000000 42000000 42000000 42000000 42000000 42000000 42000000
42000000 42000000 42000000 42000000 42000000 42000000 42000000 42000000 42000000 42000000 42000000 42000000 42000000 42000000 42000000 42000000
42000000 42000000 42000000 42000000 42000000 42000000 42000000 42000000 42000000 42000000 42000000 42000000 42000000 42000000 42000000 42000000
42000000 42000000 42000000 42000000 42000000 42000000 42000000 42000000 42000000 42000000 42000000 42000000 42000000 42000000 42000000 42000000
42000000 42000000 42000000 42000000 42000000 42000000 42000000 42000000 42000000 42000000 42000000 42000000 42000000 42000000 42000000 42000000
42000000 42000000 42000000 42000000 42000000 42000000 42000000 42000000 42000000 42000000 42000000 42000000 42000000 42000000 42000000 42000000
42000000 42000000 42000000 42000000 42000000 42000000 42000000 42000000 42000000 42000000 42000000 42000000 42000000 42000000 42000000 42000000
42000000 42000000 42000000 42000000 42000000 42000000 42000000 42000000 42000000 42000000 42000000 42000000 42000000 42000000 42000000 42000000
42000000 42000000 42000000 42000000 42000000 42000000 42000000 42000000 42000000 42000000 42000000 42000000 42000000 42000000 42000000 42000000
42000000 42000000 42000000 42000000 42000000 42000000 42000000 42000000 42000000 42000000 42000000 42000000 42000000 42000000 42000000 42000000
42000000 42000000 42000000 42000000 42000000 42000000 42000000 42000000 42000000 42000000 42000000 42000000 42000000 42000000 42000000 42000000
42000000 42000000 42000000 42000000 42000000 42000000 42000000 42000000 42000000 42000000 42000000 42000000 42000000 42000000 42000000 42000000
