0000000000001000000000000110100100000000000000000000000000000111000000000000000100000000000001100000000000000010000000000000100000000000000000110000000000001011000000000000010000000000000001110000000000000101000000000000100000000000000001100000000000000100
0000000000000111000000000000010000000000000010000000000000000110000000000000100100000000000001110000000000001010000000000000010000000000000010110000000000000100000000000000110000000000000001110000000000001101000000000000100000000000000011100000000000000110
0000000000001111000000000000100011111110111010001011101101000011001111010010011000011110100110111011101010001011101000011001110001100001010111111111110100101110010001001100111001000100011001011100011010001110010001010101011101000100010001111011010011001011
0100000100100100000110010111001111000110100111011100011001111011110010001101001001000101111010010100011010100010110001111100111001000110001001001011011011101001010000010100101001001000111110010011111010010001010010001010001111000111100101101011000101000110
0100011110001011010000110010101100110101001001000011110011101101110010001010111111000001011001000100000001100001110001100011101000111001101111101100010111111011101111111000011101001000100000110100000111110011101110111011000000111001010000011100100001100010
0100010011100110010001010000010001000100100101011100000110001001010010000110011001000010000111011100011001001010110001010000001101000100100001010100001111010110010010001011100001000000000111001100011100010111110010001100011110111110010000010011111000100011
0100000000101110010001101100111101000101011101011100010001100011001101101111101111000001100001011011100101001110110001000100110001000001111111111100011001000100010010001110100101000000110111001100011000001111010000110001100001001000110010000100100001111101
0100100000100011001110101111010001000110001111111100100001010101101111100110111111001000100011111100100000110110110000010011000101001000010111011100001111110100110001100000000001000110111000001011111110011010101111111000010111000101011110000100000111110001
1100010011101110101110101000010001000001101000010100011100100001101101100101101101000110111100110011111110001000110010001001000110111010101111001100001011100101110001101100101100111000010110111100010101101110110000011001011100111110001111110100100010111111
010000011001111000111001101001001100011110110111
0000000000001000000000000101110100000000000100000000000000000100000000000001000100000000000010100000000000010010000000000000011000000000000100110000000000000111000000000001010000000000000010000000000000010101000000000000010000000000000101100000000000001000
0000000000010111000000000000010100000000000110000000000000000101000000000001100100000000000001100000000000011010000000000000010000000000000110110000000000000111000000000001110000000000000001010000000000011101000000000000001100000000000111100000000000000101
0000000000011111000000000000011010010110000100011011100000111100100100000111100101000111110100111010001010001010000101101100111111111110101011001010111100111110110010000101110111000111011010010100010100011010110010001001010101000101100100010100001001110010
0100010001010100110001010011111000101111101001001100000111110000110001011000101011001000100111011100011001011010010000010110011101000101001111110100010110101100001110110100011110101011001101111100010111001101101111011100000100111111011010000100001001111101
1100001001010010110000000110111011000110110010110100011100110111010000100011010111000010011101101100000001000000001110001011010001000110111011111100000001010100010010000111100011000110110110100011111100011000010010000101100010111111111001011100000110001011
1100010011101100110001001010001111000011010000001100010110000110101111000000010001001000111001101011111011010011010000100100110101000111001010100100011011101111001100111111101001001000011010001100100011100111010000001111011011000000110111001100010010000001
0100100001010001001110011110110011001000111001011100001100111001110000010010011011000101011100110100010111000101110001011100011101000100100111001100011000110111010010001001101010111100000101001100010001001010101111110000001001001000010110011100011001001010
0100000110000011010001101100011011000110010110110100011101110111110001100110010111000101010101001100001100001100010001111011100001000000000100100100001100000110010010001000000101000010010100000100010101001011110000010101101101000111001101110100001111011100
1100000100111110010001001001111101001000100101100100010111110000010000101101000111001000101100001100010010110011
0000000000001000000000000101100000000000001000000000000000000111000000000010000100000000000001010000000000100010000000000000010000000000001000110000000000000101000000000010010000000000000001000000000000100101000000000000010100000000001001100000000000001001
0000000000100111000000000000011100000000001010000000000000000101000000000010100100000000000000110000000000101010000000000000001100000000001010110000000000000011000000000010110000000000000011000000000000101101000000000000011100000000001011100000000000000011
0000000000101111000000000000011001000100111110010001000110001011111101100101110110000011001010010101111001000010100111000001001010100100111100100110101001001000001111000111011001000101110001100100010110011101010000100001101001000110110010011011110110101110
0100011010110101010001010111101011000110110000010100100010101001110001011001000001000110000010000100010101110001010001110011110111000111011110111100010111010001110010000011000000111100101010110100011001110001110000100101010001001000110010001100010111100001
1100100000010111010000101010111000111110111111101100100000110010001111101111101001000100001101010100011100101110010010000110010111000100101111011100100011001011010001011101111111000100100100110011110010110000110001111101111011000111100011100100011011111101
0011100110010010001111101011110101000111010001011011100111001110110001100110111000111010001110001100010110011101001110011000011111000110101000101100100001110101010000111110111100110110111000000011000010011111110001011011111111000101110100111100001000101111
1011111101011010001100001001110101000100101000111100001010001010101100000100101001001000010110111011110001000001110010000001000101000000110110000100010110001101110000101101011111000100101000100100001001100111110001111000100000111101010001101100000101110001
1100010111011101010010000101111001000111101000010100001101010110110000010101101111000000001001111100000010010010110001101011011101000011000011101100000111111110010010000110000011000101100001011100011111111111110000110010100000111111100111101100010011110111
10111100100000100100100000011101
0000000000001000000000000110101100000000001100000000000000000100000000000011000100000000000010000000000000110010000000000000100000000000001100110000000000000101000000000011010000000000000010000000000000110101000000000000011000000000001101100000000000000110
0000000000110111000000000000011000000000001110000000000000000101000000000011100100000000000001010000000000111010000000000000011100000000001110110000000000000111000000000011110000000000000010010000000000111101000000000000011100000000001111100000000000001100
0000000000111111000000000000010001110110111000111111110011011001001001110101011110111111001001001011001110100111111100101001100111010010110100111001110001100111010001100001101111001000011111101011100010000100110010000101000111000000111110110100001011010101
0011110001010111001111110010100001000111011011000100001010010100110001100111010010111110011001111011110110011000110001101100101101000100100010100100010100000110001111001110110101000001111000100100011011110011010010001000000001000011010110110100100000110010
1100000000110001110001011111101100111101010001001100100011010111110001111001000011001000101111101100000101101110101111100010000011000110000101000100001101100100110010000010111001000111011001111100010000101110010001001100010111000001100001101011110110011011
1100100010000101010000101000001101000001101000101100010110000001010010001000001110110110000101010100010111101110010010000111101001000010100000100100000000000011110001101100100101000111011100001100001011101001101111110101110001001000001011100100100001111110
1100010110110010010001001110101111000101001111000100011000110101010001110011011111000110011100111100010010100101001111101101101111000101111101111100000110001100110001000111000101000111001001100100001000011111110000011100001111001000111000100100011111100011
1100011010110010010001011010110001000010111100111100100011000001010010001100000101000111110010010100010111011111001111001111010001000101000011000100100011110110110001010100101101001000000101100100000110100100110000000100011001000001010011001100001011111110
1100100010111100101101011100001100111100011000000100000001110000010010000111001000111110101011100100010101111101010010000110010111000110010001110100100010111010010001000001101110111001010101001100100000110100110010000101011101001000001000010011110101100111
01000110000001001100001101100000010010000110011011000100011101100011111000100010
0000000000001000000000000110010100000000010000000000000000000100000000000100000100000000000001100000000001000010000000000000100100000000010000110000000000000100000000000100010000000000000001110000000001000101000000000000011100000000010001100000000000000101
0000000001000111000000000000010100000000010010000000000000000110000000000100100100000000000001010000000001001010000000000000101100000000010010110000000000000100000000000100110000000000000001110000000001001101000000000000011100000000010011100000000000001011
0000000001001111000000000000001101011000100111110010100011111101011111110110011111010011100111101111101110001101010000011100111110010011011011100111000100100001010001110111101111000110110101101011110001010000001111101011110000111111011010011011111111000111
0100100010011001010010000010110101000111101111011100011111001111101011101110111111001000010011011011110010111101010010000100011000111011010000101100100001111001001110101000011011001000110110010100001110001000010001101001100001000100001100010011101100001000
0011010101101101001110101110011001000010111111111100100000001010110010001101000111000100100110001100100011000111110010001011101111000101001011001100011101100101010010001101100001000000110010111100011011110010010001000110100111000100010000011011110001001000
1100011101101110010000100101011001000101000110111011100111011010110010000111011010111111110010011100000111111011101111010000010000111100100000100100011000010111110001011111010101000000101000010100011111000001101111010110000101000111100011111100001010111111
1011101000011000110010001101001111000010111110001100100010100101110001010101000001001000101010100011011101001000001111101010010110111010111010010100011001000001010001101101110011000110111001000100000011000000101111010100000101000100001010000100000001000010
0011100010000000010001010010000001000100010011001100001000110001110001111101111101000110011001111011110010001100010000001111111001000001101101101100010110110101110001001100100111000100100100101100011001011010101111101110110011001000100011100100000001111100
010010001010101010111001000100110011101010000111110001101101010111000011000010011011111101111101010001101001011111000101100110110100011110110101110001100110111101000001010011001100011100000010001111000110110101000111101000011100010101010010
0000000000001000000000000111001100000000010100000000000000000111000000000101000100000000000000110000000001010010000000000000100100000000010100110000000000000111000000000101010000000000000010010000000001010101000000000000101000000000010101100000000000000100
0000000001010111000000000000101000000000010110000000000000000101000000000101100100000000000010000000000001011010000000000000100000000000010110110000000000000111000000000101110000000000000001100000000001011101000000000000011100000000010111100000000000001001
0000000001011111000000000000011000100100011111101100010011111111011011111111000110111000010011110111111100111010000111010110101110011001110011110011011100001111010001000110111111000011100011000100011011110101110001000010001001000110101110000100100000000010
0100011100010100110010001010111101001000000101010100001101101010010010000010001111000010010000001100011101000100110001110010000000111100000110000100011001111010010001000100101101001000001000000100000101101101110001101111010111000011001011100100000010011001
1011100111111010110001100000110001000100100100010011101000110101010001110010011111000100101000111100100000110011110001101011011011000100000101100100011100111000010001001001011011001000001001010100100000100011010001100110111101001000101101110100011110111001
1010111000001101001110100010001011001000010010100100001010000010010001000000101111000001000000111100001000010010010001000011000100110011000110100100000101110101110001101101011001000100001011100100011111111111110001111001011000111001111000111011110110110110
1100100010000101010001000110110011000110011010010100001000101000110001100110111001000101000100100100100011001111010000010110001111001000110101001100100000110100010001111011100001000110100011011100011101111100110001100001000111000110110111101100001100010010
0100010110110111001110100100100111000001101000011100001010001110001111010110100001000100111011010011110000101000101111100111110111001000110100011100011100000001001110100110000010110101011111111100001111101010110000100010011001000011100001001100100011010110
0100000110111110110001101001010101001000100010100100010110011001001101011001101010111111111100101100000101100110010000101110111010111001111010111100010111100001110000010001001110111101010111011011000100011001110001110111000111001000001111000100000110111111
1011101010111011010001100001111101000101000110110011110110010011010001110110001000111100101111010100001110100011010000010101010110110101101000000011110110111010010010000000111111000001100000111100011011011001
0000000000001000000000000110001100000000011000000000000000000011000000000110000100000000000001100000000001100010000000000000101100000000011000110000000000001100000000000110010000000000000000010000000001100101000000000000011100000000011001100000000000000110
0000000001100111000000000000011000000000011010000000000000000110000000000110100100000000000001100000000001101010000000000000011100000000011010110000000000000101000000000110110000000000000001010000000001101101000000000000011000000000011011100000000000000100
0000000001101111000000000000100001011011001010010000010101101111000011111000101101101111000110110111011111111100110001011011100101111110010110111100111111001111010001000010100111000101111101011100100001011010010001101110010011001000001110011100010100110111
1100100000001000010000101011000111000001111100000100011111101101010000101011000101001000010110101100011000011111110001000110111010110111111001011100010110000110110000011100110111000111001101100011101111011001101100100000010001000110110100000100010000011000
0100100010010010101110100011100101000011000111000100000001001101110010001001101001000000110101110011110000111011110001110010011011001000010000011100011100010111010010000110001000111110100000110100100011111010010000001111101101000110010100111011110001100001
1011111000101010001111011011101111000010001001001100001111100100001111101010010010110001111100100100000100000110110001010011100111001000000111101010111001101000001111000010111101000101100010110100100010111110110001100001011111000100110100111100010010111010
0011110111010011010001001110111001000110111000000100100010111010010001111011001011000110011101001100000000010001010000010111001101000000011001011100010101101010010001111100011111000110110001010011111011110011010000001101010111000111111100110100011000101110
1011000111111101010001111010001111001000101010010100000110000100010001011110011111001000101110100100010110000001110001000000010111000010001011000011110100000110010010000001011011000001011100000100010010101011110001100111001101000011000001110011111111111100
1100100010110010010001000100010011001000111001001100010100000101110001110001000011000110101011101100011001011001010001000100011101000110110001001011100011111011110001000010000111001000010000010100010000011011
0011000000001000000000000110010000000000011100000000000000001000000000000111000100000000000000100000000001110010000000000000010100000000011100110000000000000101000000000111010000000000000001110000000001110101000000000000101000000000011101100000000000000010
0000000001110111000000000000011000000000011110000000000000001010000000000111100100000000000001010000000001111010000000000000100100000000011110110000000000000100000000000111110000000000000001010000000001111101000000000000011000000000011111100000000000001011
0000000001111111000000000000010110011001011100101001011110111111111000011010111110110010011000111111100001010111111100011111000101010111000010101110111010000000001100110011100011000001011110000100011001011000110001111100100100110010111011101011110110110010
1100100010111100110001101011111111000100011101010100100001010000001111010010100101000111101110001011100010000110101111011010000000111100000010010100010101110111110001111010111010111111111001011100011001110111110001011000000010111100011100111100100001000101
0100100000111110110001101011000000111010010111110100011100011101101101110101110101001000101101111100100001110101110001101001011001000101000001001100000101011001110001100000100111000101011001100100000100001001010010001000110010111010110010111011111110011011
1100010100001100010000100100000110111000110000110100010001111000010001001100010101001000111111110100100010111001001111110011111111000100100111011100011111100001010001110000101111001000110011100011100100000010010010001011010100111111010100111100001101101100
1100100011101001110000010110111011000110001100101100100000100000110001011000101101000101101100101100100001010001110010001000111011001000010110001100011110101100001110101001011111000110010100110011100101110100110001010011100111000110101110010100010001001110
1100011011101110010000110010000011000101011001001100011001100000001111010111110000110111101100010100100011101100101110100000111111000100111101110100010010101111110010000100010011000110111110111100010001010001010001000001101011001000001000111100010101010001
11000110101001011100100010001101110010000110000001001000101010100100100001000101001111001111000111000111011001101100011000100100110001011110011111000101010101110100100000000011110001101111111101000110101100110100100000010111
